x1 = 1.17201766204
x2 = 0.88339917046
x3 = 1.14168131757
x4 = 1.08998463213